5082
3544
8779
5540
1407
1603
7735
963
3121
4537
1284
2960
2111
3276
9705
9519
9360
4702
9424
501
5363
7227
8932
7435
5074
8761
8480
4825
1122
9384
7983
8917
266
3916
2115
184
2034
6783
7476
1724
2419
9597
4821
2627
7986
6541
6890
1996
1863
9096
3833
7611
627
3039
8673
1503
4828
3831
316
3241
9923
2579
2215
605
6601
2045
7658
1533
9828
1253
3854
810
4364
484
3285
3826
8092
5951
2762
9772
1630
5229
3129
4822
7305
4833
5127
7870
140
8139
9151
5284
991
1219
3668
1188
7441
5391
9256
5767
4145
9813
915
4874
1726
3869
5582
1861
3602
3158
2039
6149
7479
1779
216
8243
3032
1419
7983
8214
1086
5549
8490
9782
4218
8679
1807
5351
7058
7840
3426
9861
7036
3844
4877
8305
4159
5906
1834
2257
9493
2328
2438
645
2541
1542
1330
5806
208
3097
2860
9560
3555
1900
6480
6835
3782
6512
748
6288
8641
8267
2201
6252
5824
8245
6390
6671
4639
5197
3110
1818
719
1064
1432
3849
3751
1824
9731
5317
4891
152
7779
7933
5517
6939
7794
6642
9946
3635
1206
748
3567
807
6877
5767
6637
2465
8999
6766
2921
4019
1813
6870
2146
7273
7805
5845
387
7975
3783
5275
4444
8969
9277
5832
5202
7859
9129
5889
9575
1534
2452
1582
868
8806
1981
115
6047
5813
8560
264
5884
4430
3057
2052
9473
2076
2311
687
3611
4926
3718
1754
5305
6800
2056
3702
2402
6542
2585
8065
4334
5565
6609
2245
6147
240
5224
1251
6894
987
4921
5472
5017
1257
7105
5219
8493
8370
6005
5258
9552
3201
348
7730
2826
726
405
2615
6629
4777
1750
3226
5638
1343
6572
2941
8847
7330
5838
7440
9717
1425
4806
7273
2421
6581
4621
8232
1891
716
4863
8354
6660
1872
2962
394
7378
959
6732
1064
7036
658
4526
206
6375
3068
4548
2838
1991
2812
4988
8459
4912
9311
8408
8460
6125
3528
1979
3147
9058
8762
9225
8778
2879
2119
8577
6722
4061
2570
2039
1351
1607
2798
7798
1652
5436
7606
7025
7685
5350
5173
2816
5195
3896
6040
3896
3431
4009
1310
6720
6459
3523
5786
1583
4254
8651
2280
1525
5526
5639
452
745
4177
3826
7046
360
4605
5410
3332
4044
7783
2338
5155
4971
6278
7501
6336
1307
185
5136
9639
8552
3624
5424
5876
5782
4943
5519
9382
7619
2096
9428
5137
1212
4366
2083
7820
8657
8509
8818
5846
1423
7941
2388
8704
1557
4034
1489
623
788
4071
3847
7252
3793
7404
3340
3793
3794
5650
821
5789
5009
9863
4062
8995
8251
7913
5378
5869
8791
7669
7273
9436
5125
3386
7558
6905
8917
7962
3667
2520
7716
216
4024
4625
8911
864
5548
8643
6690
1466
1791
6146
3821
6245
2091
3390
1243
6520
3538
7571
3625
4626
4068
3142
2244
1761
8263
7405
1205
7195
1914
3382
2243
4796
5987
9592
7378
7931
222
117
2202
1798
9878
5110
7277
9282
