78
142
165
172
179
229
248
559
675
938
964
1110
1151
1162
1197
1251
1257
1322
1441
1555
1571
1576
1847
1892
1924
1946
1990
2018
2061
2062
2082
2103
2125
2175
2227
2263
2296
2371
2386
2398
2421
2438
2493
2563
2656
2691
2705
2712
2789
2808
2815
2959
3006
3062
3063
3088
3132
3145
3146
3162
3169
3173
3209
3232
3273
3307
3317
3559
3587
3596
3690
3803
3817
3947
3967
3968
3990
4029
4301
4409
4422
4425
4478
4829
4854
5106
5152
5155
5251
5272
5328
5331
5362
5633
5664
5709
5743
5797
5915
5942
6032
6081
6266
6340
6345
6471
6515
6566
6570
6647
6698
6872
7009
7012
7094
7171
7305
7335
7620
7662
7690
7894
7934
7999
8014
8054
8329
8389
8490
8514
8740
8814
8836
8875
8923
8940
8991
9076
9319
9342
9420
9420
9532
9588
9713
9728
9747
9801
9880
9926
