140
152
184
208
216
266
316
484
501
605
627
645
719
748
748
807
810
915
963
991
1064
1086
1122
1188
1206
1219
1253
1284
1330
1407
1419
1432
1503
1533
1542
1603
1630
1724
1726
1779
1807
1818
1824
1834
1861
1863
1900
1996
2034
2039
2045
2111
2115
2201
2215
2257
2328
2419
2438
2465
2541
2579
2627
2762
2860
2960
3032
3039
3097
3110
3121
3129
3158
3241
3276
3285
3426
3544
3555
3567
3602
3635
3668
3751
3782
3826
3831
3833
3844
3849
3854
3869
3916
4145
4159
4218
4364
4537
4639
4702
4821
4822
4825
4828
4833
4874
4877
4891
5074
5082
5127
5197
5229
5284
5317
5351
5363
5391
5517
5540
5549
5582
5767
5767
5806
5824
5906
5951
6149
6252
6288
6390
6480
6512
6541
6601
6637
6642
6671
6766
6783
6835
6877
6890
6939
7036
7058
7227
7305
7435
7441
7476
7479
7611
7658
7735
7779
7794
7840
7870
7933
7983
7983
7986
8092
8139
8214
8243
8245
8267
8305
8480
8490
8641
8673
8679
8761
8779
8917
8932
8999
9096
9151
9256
9360
9384
9424
9493
9519
9560
9597
9705
9731
9772
9782
9813
9828
9861
9923
9946
