19
78
111
142
165
172
179
222
229
248
371
378
459
559
639
675
938
964
1020
1081
1110
1151
1162
1190
1197
1235
1251
1257
1322
1406
1441
1540
1555
1571
1576
1604
1643
1699
1724
1847
1875
1892
1924
1938
1946
1950
1990
2016
2018
2061
2062
2082
2095
2101
2103
2106
2125
2175
2227
2263
2296
2314
2371
2386
2398
2421
2432
2438
2493
2517
2563
2656
2691
2705
2712
2717
2789
2808
2815
2959
2964
3006
3062
3063
3088
3132
3145
3146
3162
3169
3173
3178
3209
3232
3273
3296
3307
3317
3321
3408
3427
3496
3501
3549
3559
3570
3577
3587
3596
3642
3690
3722
3739
3803
3817
3896
3947
3967
3968
3990
4022
4029
4029
4065
4170
4192
4301
4406
4409
4422
4425
4462
4478
4576
4670
4802
4829
4854
4944
5053
5091
5106
5118
5152
5155
5191
5240
5251
5272
5328
5331
5362
5580
5599
5633
5664
5709
5721
5743
5751
5754
5797
5915
5942
5962
5987
6032
6081
6104
6168
6266
6322
6340
6345
6425
6471
6515
6539
6566
6570
6578
6647
6698
6754
6790
6872
6875
6948
6970
7009
7012
7094
7112
7157
7171
7305
7335
7463
7620
7662
7690
7753
7894
7934
7950
7999
8014
8054
8136
8329
8362
8389
8443
8490
8514
8523
8740
8777
8814
8836
8857
8875
8923
8940
8942
8991
9046
9062
9076
9268
9319
9325
9342
9420
9420
9438
9511
9532
9588
9713
9728
9734
9747
9801
9880
9880
9899
9926
9936
9984
