115
140
152
184
208
216
240
264
266
316
348
387
405
484
501
605
627
645
687
719
726
748
748
807
810
868
915
963
987
991
1064
1086
1122
1188
1206
1219
1251
1253
1257
1284
1330
1343
1407
1419
1425
1432
1503
1533
1534
1542
1582
1603
1630
1724
1726
1750
1754
1779
1807
1813
1818
1824
1834
1861
1863
1900
1981
1996
2034
2039
2045
2052
2056
2076
2111
2115
2146
2201
2215
2245
2257
2311
2328
2402
2419
2421
2438
2452
2465
2541
2579
2585
2615
2627
2762
2826
2860
2921
2941
2960
3032
3039
3057
3097
3110
3121
3129
3158
3201
3226
3241
3276
3285
3426
3544
3555
3567
3602
3611
3635
3668
3702
3718
3751
3782
3783
3826
3831
3833
3844
3849
3854
3869
3916
4019
4145
4159
4218
4334
4364
4430
4444
4537
4621
4639
4702
4777
4806
4821
4822
4825
4828
4833
4874
4877
4891
4921
4926
5017
5074
5082
5127
5197
5202
5219
5224
5229
5258
5275
5284
5305
5317
5351
5363
5391
5472
5517
5540
5549
5565
5582
5638
5767
5767
5806
5813
5824
5832
5838
5845
5884
5889
5906
5951
6005
6047
6147
6149
6252
6288
6390
6480
6512
6541
6542
6572
6581
6601
6609
6629
6637
6642
6671
6766
6783
6800
6835
6870
6877
6890
6894
6939
7036
7058
7105
7227
7273
7273
7305
7330
7435
7440
7441
7476
7479
7611
7658
7730
7735
7779
7794
7805
7840
7859
7870
7933
7975
7983
7983
7986
8065
8092
8139
8214
8232
8243
8245
8267
8305
8370
8480
8490
8493
8560
8641
8673
8679
8761
8779
8806
8847
8917
8932
8969
8999
9096
9129
9151
9256
9277
9360
9384
9424
9473
9493
9519
9552
9560
9575
9597
9705
9717
9731
9772
9782
9813
9828
9861
9923
9946
