19
78
111
142
147
165
172
179
222
229
248
332
371
378
459
473
522
559
639
657
660
668
675
688
709
720
734
745
776
784
810
868
889
938
963
964
975
998
1010
1017
1020
1041
1074
1081
1085
1110
1122
1151
1154
1162
1190
1193
1197
1235
1251
1257
1311
1322
1406
1422
1441
1444
1468
1497
1507
1514
1521
1523
1540
1555
1569
1571
1576
1593
1604
1604
1643
1650
1696
1699
1724
1730
1732
1755
1833
1847
1858
1875
1880
1892
1924
1938
1946
1950
1990
2002
2016
2018
2044
2061
2062
2082
2095
2101
2103
2106
2125
2175
2176
2185
2196
2209
2227
2263
2266
2296
2297
2314
2371
2386
2398
2421
2427
2429
2432
2438
2440
2493
2515
2517
2522
2543
2563
2588
2611
2612
2645
2656
2691
2704
2705
2712
2717
2789
2808
2815
2828
2894
2897
2921
2959
2964
2989
2992
3003
3006
3062
3063
3067
3088
3088
3114
3132
3145
3146
3147
3162
3169
3173
3178
3209
3214
3232
3273
3296
3307
3313
3317
3321
3334
3408
3408
3415
3427
3445
3483
3493
3496
3501
3549
3559
3565
3570
3577
3587
3596
3598
3614
3616
3642
3690
3722
3739
3774
3803
3817
3867
3896
3930
3947
3967
3968
3990
3997
4002
4022
4029
4029
4045
4065
4065
4138
4159
4170
4192
4241
4260
4288
4301
4372
4406
4409
4422
4425
4451
4454
4462
4462
4476
4478
4494
4501
4520
4576
4595
4632
4670
4729
4730
4791
4802
4829
4854
4857
4939
4944
4986
5053
5091
5106
5118
5139
5152
5154
5155
5191
5215
5240
5240
5251
5252
5256
5270
5272
5328
5331
5356
5359
5362
5394
5411
5451
5456
5490
5496
5580
5599
5616
5633
5641
5651
5664
5682
5709
5721
5731
5743
5751
5754
5797
5873
5915
5930
5937
5942
5962
5963
5987
6027
6032
6081
6102
6104
6126
6134
6163
6168
6178
6207
6255
6266
6309
6322
6340
6345
6400
6414
6425
6432
6471
6490
6510
6515
6539
6553
6560
6566
6570
6578
6636
6647
6670
6694
6698
6711
6754
6763
6778
6790
6872
6874
6875
6938
6948
6959
6970
7009
7012
7016
7094
7104
7112
7126
7157
7163
7171
7196
7274
7296
7305
7329
7329
7335
7387
7441
7443
7449
7451
7463
7464
7485
7572
7594
7617
7620
7630
7647
7662
7674
7690
7753
7760
7813
7851
7894
7900
7901
7934
7938
7950
7950
7967
7999
8004
8014
8019
8024
8027
8050
8054
8136
8160
8269
8271
8329
8349
8362
8381
8389
8389
8414
8443
8487
8490
8514
8523
8586
8621
8733
8740
8758
8777
8778
8788
8801
8814
8836
8846
8857
8875
8923
8930
8934
8940
8942
8991
8992
9013
9046
9047
9062
9076
9088
9090
9097
9201
9221
9231
9268
9289
9291
9295
9319
9325
9342
9402
9420
9420
9438
9511
9532
9547
9549
9588
9600
9636
9648
9665
9684
9700
9713
9728
9734
9744
9747
9771
9797
9801
9858
9880
9880
9898
9899
9905
9905
9921
9926
9936
9956
9984
